[array([[ 0.00785486],
       [-0.00033532],
       [-0.0203858 ],
       [ 0.00395858],
       [-0.00095594],
       [ 0.00609838],
       [ 0.03170865],
       [-0.00165905],
       [ 0.00061598],
       [-0.00320961],
       [-0.00028709],
       [-0.00348273],
       [ 0.0571643 ],
       [-0.0002708 ],
       [ 0.00200728],
       [ 0.00762783],
       [-0.00051674],
       [ 0.00237143],
       [ 0.00991895],
       [ 0.00160576],
       [ 0.02217703],
       [ 0.00598673],
       [ 0.00113555],
       [-0.00073596],
       [ 0.01795901],
       [ 0.00023373],
       [ 0.00503671],
       [ 0.0026835 ],
       [ 0.00357388],
       [ 0.00239387]]), array([[-0.06344203],
       [-0.00639799],
       [ 0.00544863],
       [ 0.00965709],
       [ 0.00109982],
       [ 0.00022195],
       [-0.0073411 ],
       [-0.16903826],
       [-0.01050141],
       [ 0.00309429]])]

       nabla_b
[array([[ 2.68353163e-03],
       [-8.89580629e-04],
       [ 2.24582913e-05],
       [-3.63232313e-04],
       [ 9.80576546e-06],
       [ 2.82848093e-04],
       [ 1.82606356e-05],
       [-1.13469831e-02],
       [-1.44881910e-03],
       [ 3.40034094e-04],
       [-3.87162991e-04],
       [ 1.56853653e-08],
       [-1.24249224e-02],
       [ 1.78307849e-08],
       [-3.44902969e-08],
       [ 2.54048398e-04],
       [-3.27019859e-03],
       [-1.44781580e-03],
       [ 3.62493771e-04],
       [-2.53451715e-03],
       [-6.81878671e-03],
       [ 2.14186365e-04],
       [-6.12010378e-05],
       [ 2.06680478e-07],
       [-2.83260462e-03],
       [ 2.24060866e-03],
       [ 5.48227163e-03],
       [-2.45806034e-03],
       [ 1.48514324e-02],
       [-6.53883285e-05]]), array([[ 1.46256263e-02],
       [ 2.89533166e-03],
       [ 2.84141476e-03],
       [-6.47132209e-03],
       [ 1.21094072e-04],
       [ 1.52268440e-03],
       [ 1.14374795e-04],
       [-1.15742315e-02],
       [ 3.00489773e-03],
       [ 1.32319586e-01]])]
[array([[0., 0., 0., ..., 0., 0., 0.],
       [0., 0., 0., ..., 0., 0., 0.],
       [0., 0., 0., ..., 0., 0., 0.],
       ...,
       [0., 0., 0., ..., 0., 0., 0.],
       [0., 0., 0., ..., 0., 0., 0.],
       [0., 0., 0., ..., 0., 0., 0.]]), array([[ 1.56697747e-02,  1.57092762e-02,  1.46252058e-02,
         1.34324140e-02,  1.46183830e-02,  1.26784924e-02,
         1.46139137e-02, -1.09628342e-04,  5.46350223e-06,
         1.38362555e-02,  6.58275965e-04,  1.46256244e-02,
         1.54629948e-02,  2.87238311e-08, -1.09330697e-03,
        -5.99431606e-06, -1.96527214e-04,  1.56849276e-02,
        -9.73961046e-04,  7.07583295e-03, -8.79003217e-04,
        -1.08837478e-03, -1.38547022e-06,  1.46256222e-02,
         3.24158438e-03,  7.96911992e-03,  4.34531838e-03,
         3.16425149e-03,  6.79818422e-03,  1.46261570e-02],
       [ 3.93261391e-05,  7.58425516e-05,  2.89505590e-03,
         2.89383257e-03,  2.89531226e-03,  2.89451517e-03,
         2.89529722e-03,  2.85264496e-04,  2.25167789e-05,
         5.31263460e-05,  4.50041913e-05,  2.89533074e-03,
         7.16976322e-04,  4.60478543e-11,  2.84416237e-03,
         1.55940569e-05,  5.11587835e-04,  4.80510412e-05,
         2.83707006e-03,  2.12046215e-05,  2.57051739e-03,
         2.83966109e-03,  5.42951533e-06,  2.89532932e-03,
         1.67961545e-05,  2.83780438e-03,  2.78358560e-03,
         2.86270180e-03,  2.57426781e-03,  2.89385231e-03],
       [ 2.66232847e-03,  2.84134604e-03,  2.84053448e-03,
         2.65225564e-03,  2.84015229e-03,  2.53279247e-03,
         2.83955681e-03,  2.49627679e-08,  2.94333711e-06,
         2.54311029e-03,  4.52861427e-04,  2.84140733e-03,
         2.84138289e-03,  4.61457009e-09,  4.24269777e-08,
         3.10303945e-10,  2.79738390e-08,  2.76058265e-03,
         2.03562419e-05,  1.19596330e-03,  3.64938227e-04,
         5.53351232e-07,  1.86437988e-07,  2.84139790e-03,
         5.14706555e-04,  1.43562713e-03,  8.59470834e-04,
         8.06098513e-04,  1.49356960e-03,  2.84140869e-03],
       [-6.47227452e-03, -6.47180740e-03, -6.47120985e-03,
        -5.97692422e-03, -6.46833432e-03, -5.66480784e-03,
        -6.46646590e-03,  4.67187634e-08, -5.74917101e-06,
        -5.69250749e-03, -2.33880613e-04, -6.47132210e-03,
        -6.47175237e-03, -1.18950553e-08,  5.61744066e-07,
         3.04697426e-09,  4.75527757e-08, -6.46728658e-03,
        -4.74931903e-05, -2.92401941e-03,  1.45249804e-06,
        -7.64691913e-07, -2.79535869e-07, -6.47132214e-03,
        -1.34514129e-03, -3.75155949e-03, -2.24199081e-03,
        -1.74832696e-03, -3.19027876e-03, -6.47130666e-03],
       [ 4.03751386e-05,  4.34426675e-05,  1.21076186e-04,
         1.18215074e-04,  1.21075014e-04,  1.16441881e-04,
         1.21065251e-04,  7.85666546e-06,  6.61698847e-07,
         3.83432446e-05,  6.76832956e-06,  1.21093961e-04,
         6.11004178e-05,  7.02737688e-11,  7.83305234e-05,
         4.29473831e-07,  1.40898468e-05,  4.17407711e-05,
         7.84332269e-05,  1.82567160e-05,  7.49968626e-05,
         7.82142068e-05,  1.52053941e-07,  1.21093813e-04,
         8.18389254e-06,  9.96916363e-05,  8.95501541e-05,
         9.04567474e-05,  9.23536705e-05,  1.21053239e-04],
       [ 6.69007796e-04,  1.00573325e-03,  1.52108607e-03,
         1.49802654e-03,  1.52231369e-03,  1.48267384e-03,
         1.52243868e-03,  5.23346352e-05,  5.77819105e-06,
         9.63005503e-04,  6.89078827e-04,  1.52267053e-03,
         1.12328746e-03,  7.11977766e-10,  5.21472746e-04,
         2.85926755e-06,  9.38012450e-05,  8.54848120e-04,
         5.26094220e-04,  2.90322340e-04,  1.14402326e-03,
         5.20719872e-04,  1.15483199e-06,  1.52265288e-03,
         6.95077056e-05,  7.05366734e-04,  6.23585123e-04,
         8.63317937e-04,  1.13167332e-03,  1.52241232e-03],
       [ 7.94847730e-05,  1.05256365e-04,  1.14253101e-04,
         1.10342409e-04,  1.14333307e-04,  1.07795422e-04,
         1.14335131e-04,  9.25033388e-07,  2.25877578e-07,
         9.88244225e-05,  5.40795080e-05,  1.14373728e-04,
         1.07330297e-04,  1.06136703e-10,  9.19774053e-06,
         5.04392269e-08,  1.65484272e-06,  9.38137577e-05,
         9.84237932e-06,  3.49448670e-05,  6.06040339e-05,
         9.19453069e-06,  3.11551194e-08,  1.14372371e-04,
         1.10191395e-05,  3.97440743e-05,  2.74740394e-05,
         4.31094635e-05,  7.33669497e-05,  1.14369878e-04],
       [-6.16692528e-03, -1.21181735e-02, -1.15464437e-02,
        -1.15752980e-02, -1.15702720e-02, -1.15741273e-02,
        -1.15742476e-02,  5.44653248e-05, -2.03071867e-05,
        -1.21214594e-02, -1.20733735e-02, -1.15739844e-02,
        -1.19944864e-02, -2.08253366e-09,  5.48677800e-04,
         3.00614322e-06,  9.86964630e-05, -9.49569987e-03,
         4.83264201e-04, -2.55885042e-03, -1.16493091e-02,
         5.47684148e-04, -1.57876804e-06, -1.15736707e-02,
         3.77407368e-06,  5.53158958e-04,  4.93216439e-04,
        -3.99772255e-03, -8.56652781e-03, -1.15745158e-02],
       [ 2.68643322e-04,  5.00357629e-04,  3.00372114e-03,
         3.00151439e-03,  3.00473538e-03,  3.00077433e-03,
         3.00484704e-03,  2.53418255e-04,  2.08502093e-05,
         4.76867238e-04,  4.45051923e-04,  3.00488864e-03,
         1.06987430e-03,  1.60841634e-10,  2.52645776e-03,
         1.38522092e-05,  4.54441459e-04,  3.87761924e-04,
         2.52250167e-03,  1.16843308e-04,  2.68957985e-03,
         2.52246904e-03,  4.91203020e-06,  3.00487688e-03,
         2.05550412e-05,  2.53638728e-03,  2.48353598e-03,
         2.70245279e-03,  2.60324315e-03,  3.00358352e-03],
       [ 1.00017764e-03,  2.16309250e-03,  1.32309303e-01,
         1.32271203e-01,  1.32319164e-01,  1.32315992e-01,
         1.32318200e-01,  1.31686572e-02,  1.03703929e-03,
         1.14746242e-03,  1.00749979e-03,  1.32319565e-01,
         3.17598431e-02,  1.43963869e-09,  1.31295489e-01,
         7.19870570e-04,  2.36165032e-02,  1.11092247e-03,
         1.30960436e-01,  6.30445145e-04,  1.17597521e-01,
         1.31087629e-01,  2.50401227e-04,  1.32319527e-01,
         7.18578421e-04,  1.30843960e-01,  1.28400487e-01,
         1.31678195e-01,  1.17906242e-01,  1.32251295e-01]])]